0.4
0.2
0.4
0.4
0.166666666666667
0
0.4
0
0.4
0
0.4
0
0.4
0.4
1
1.4
0.8
1.4
1.2
0.6
0.833333333333333
0.8
1
1.4
1.33333333333333
1.4
1.4
1.4
1
1.2
1.2
0.8
1.4
0.8
0.8
1.4
0.666666666666667
1
1.4
1.2
1.4
1.2
1
0.8
1.4
1.4
0.6
0.8
0.8
1.2
1
1
0.6
1
1.4
1
1.4
1
1.16666666666667
1
1
1.4
1
1.4
1
0.6
0.8
1.4
1
1.4
1
1
1
1.4
0.8
1.4
1
0.6
1.4
1.4
1.4
1.16666666666667
1
0.8
1.33333333333333
0.6
1.4
1.2
1
1.2
1.2
1
1.33333333333333
0.8
1
0.8
0.8
1
1
1.4
0.6
1.4
1.4
0.8
1.4
0.8
1.4
1.4
1.2
1
1.2
0.8
1
1.4
0.8
1.2
1.4
0.666666666666667
1.2
1
1.4
1
0.6
1.2
0.6
1
0.6
1.4
0.8
1.2
0.8
1
1.4
0.8
1
1.2
1.4
1.2
1.4
1.4
1
0.6
0.8
1
1.4
1
0.8
1.2
1
1.2
1.4
0.8
1.33333333333333
1.2
1
1.4
1.4
0.8
1.4
1.2
1.2
2.4
2.4
1.6
1.8
2
1.8
2.4
1.8
1.6
1.6
2.2
1.66666666666667
2.4
2.2
2
1.8
1.8
2
1.6
2.2
1.6
2.2
1.83333333333333
1.5
2
1.6
1.6
1.8
1.6
1.8
1.8
2.16666666666667
1.5
2.2
2.2
1.8
1.83333333333333
2.4
1.6
1.8
1.6
2.2
1.8
2.2
2.2
2
1.8
2.2
2.4
1.8
2.2
1.83333333333333
2.4
1.6
1.6
1.66666666666667
1.8
1.6
1.6
2
2.4
1.6
1.6
1.6
1.6
2.4
2
2.4
2.4
2.2
2
1.8
1.6
1.8
1.6
2.2
2.4
2.16666666666667
1.8
1.8
1.6
1.6
2.4
1.8
2
2
2.2
1.6
1.8
1.8
1.6
2.2
2
2
1.6
2.4
1.8
2.4
1.6
2.2
2.2
2.2
1.8
2
1.83333333333333
1.8
1.66666666666667
1.6
2.4
2.4
1.6
2
2
2.16666666666667
2.2
1.8
2.2
2.4
2
1.8
1.8
2
1.6
1.6
2.2
2.2
2.2
1.6
2.2
2.4
1.6
1.8
2
2.4
1.6
2
2.2
2
1.83333333333333
1.6
2.2
2.2
1.6
1.6
1.6
1.83333333333333
2
2.4
3.2
3.2
3
2.8
3.2
3.2
2.8
3
3.4
3.2
3.2
2.6
3
3
3
3.4
2.8
3.4
3.4
3.16666666666667
3.33333333333333
2.8
2.8
3.4
3.2
3
3.2
3.2
3
3.2
3.4
3
2.8
3.4
2.6
3
3
3
3
2.8
2.6
2.83333333333333
3.2
3.2
3.4
3.4
2.6
3.4
3.4
3.2
2.6
3.2
3.2
3
2.83333333333333
3.2
3.4
2.8
3.2
3.2
3.2
2.5
3.2
3
3
3.4
2.8
2.6
3
2.6
3.2
3.2
3.2
2.6
3
2.6
2.8
3
3.4
3.4
3
3.4
2.6
2.83333333333333
2.8
3.4
2.6
3.2
3.4
3.2
3.2
2.8
3.4
2.6
2.83333333333333
3
2.6
3.33333333333333
3.4
2.83333333333333
3.2
2.8
3
3.4
2.8
2.8
2.8
3.16666666666667
3
3
2.8
2.8
3.4
2.8
3
2.6
2.6
3
2.8
2.6
3.2
3
2.8
2.6
3
3
3
2.8
3.4
2.5
3.4
2.6
3
3
2.6
3.4
3.2
2.8
3
3.2
2.83333333333333
2.5
2.83333333333333
3
2.6
3.33333333333333
3.2
4
3.83333333333333
3.5
3.6
4.4
4
4.2
4
3.6
3.6
3.6
4.4
3.6
4
3.8
4.2
4.4
4.33333333333333
3.6
3.6
3.6
4.4
4
3.8
3.6
3.6
4.4
4.2
4.4
3.6
4
3.8
3.83333333333333
4.4
4
3.6
4.4
4
4.4
4.2
3.6
4.4
4.2
4.4
3.6
4.4
4.4
4
4.4
4.4
4
4
3.6
4.2
3.6
4
4.16666666666667
4.4
4.2
3.8
4.2
4.16666666666667
4
4.2
3.8
4.2
3.6
3.66666666666667
4
3.6
3.8
4
3.6
4.2
4.4
4
3.8
4.2
3.6
4
3.6
3.6
3.6
4
4.4
3.5
3.6
4.2
3.6
4
3.6
4.4
3.8
4.2
4.2
4.4
4.2
3.6
3.8
3.8
4
3.5
3.8
3.8
4.33333333333333
3.6
3.5
3.5
4
3.6
4.4
4.4
3.6
3.5
4.4
4
4.2
4.4
4.4
3.8
4
3.6
4.4
4.4
3.6
3.6
3.6
4
4.2
4.16666666666667
3.8
3.6
4
3.6
4.4
3.6
4.4
3.6
4.4
4
3.6
4.2
3.8
3.8
3.6
3.8
4
5
4.8
5
5
4.8
4.8
5
5
5
5
5
4.83333333333333
5
4.6
5
5
5
4.8
4.6
5
5
5
4.8
5
5
5
5
4.6
5
4.8
5
5
4.8
5
4.8
4.8
4.8
4.8
5
5
5
5
4.6
5
5
5
4.6
4.6
4.8
5
4.6
5
4.8
4.6
5
5
4.6
4.6
5
4.6
5
5
4.66666666666667
5
5
4.8
5
4.8
5
5
4.8
5
5
4.6
5
5
4.6
4.6
4.6
4.8
5
5
4.9
5
4.6
5
4.8
4.9
4.8
4.6
4.8
5
4.6
5
4.6
5
4.8
5
4.8
4.6
4.6
4.6
4.6
5
4.8
4.8
4.8
5
5
4.8
5
4.8
5
4.8
4.6
5
5
4.6
4.8
5
4.8
5
4.6
4.6
4.6
4.5
4.8
5
4.66666666666667
5
5
5
5
4.6
4.6
5
4.6
5
4.8
4.8
4.8
5
5
4.8
4.6
4.5
4.6
