0.4
0
0
0.4
0.4
0
0
0
0
0
0
0.4
0.4
0
0.2
0
0
0
0.2
0
0
0
0
0.2
0.2
0.4
0
0
0
0
0
0.4
0
0.2
0
0
0
0.4
0
0.2
0
0.2
0
0.4
0
0.2
0
0
0.4
0.2
0
0
0
0.4
0
0
0.2
0
0
0.4
0
0
0.2
0
0
0.4
0.2
0.4
0
0.4
0.2
0
0.2
0
0
0.4
0
0.2
0
0.4
0
0
0.2
0
0.2
0
0.6
0.666666666666667
0.6
0.6
1.2
1.4
1
1
0.6
0.6
0.6
0.6
1.4
0.6
1
1.2
0.6
0.6
1
1
1
1
1.4
1.4
0.6
0.6
1.4
1
0.6
1
1.4
1
1
0.8
1.2
1
0.6
1.2
1.2
1.2
0.6
1.4
0.8
0.8
1.4
0.8
1.4
1.2
1.2
1.4
0.6
1.4
0.8
1.4
0.6
0.6
1
1
0.6
1.2
1.4
0.6
0.8
0.8
1.4
0.6
1.2
0.8
1.4
0.6
0.6
0.8
0.8
0.8
0.8
0.6
1
1.4
1.4
1
1
0.8
0.6
0.6
0.6
1.2
1.8
1.6
1.6
2.4
2.4
2.4
1.8
2
2
2.2
1.6
2.2
1.8
2.2
1.8
2
2
1.8
2.2
1.8
1.66666666666667
1.6
1.8
2.2
1.6
1.6
2
1.6
1.6
2
1.6
1.8
1.8
1.8
1.8
1.6
1.6
1.6
2
1.6
2.2
1.8
2.2
1.6
2
1.6
2
2.4
2
1.8
1.8
1.8
2.4
1.8
1.8
2
2
2
1.6
2
1.8
1.6
1.6
1.6
1.6
2.4
2
2.2
1.8
2.2
1.5
2
2.4
1.6
1.6
1.8
1.6
2
1.8
1.8
1.6
1.8
1.8
1.8
2.2
2
3.2
2.6
2.8
3.2
3.2
2.8
2.8
2.8
2.8
3
3.4
3.4
3.2
2.6
2.8
2.8
2.8
3
3
2.6
3
2.6
2.6
3
3.2
3.2
3.4
2.6
2.6
2.6
3.2
2.6
2.8
3
2.6
2.6
2.6
2.6
3.2
2.8
3
2.6
3
2.6
3.4
2.6
3.2
3
3.2
3.2
2.6
3.2
2.6
3
3.4
2.6
3
3.2
3.4
3.4
2.6
3.4
2.8
2.8
3
3
2.6
3
2.6
3
3
2.6
2.8
2.8
2.8
2.8
2.8
3
2.6
2.6
2.6
2.6
2.6
2.6
3
3.4
4
4.2
3.8
3.8
3.8
4.2
4.2
3.8
4
3.8
3.6
3.6
4
3.8
4.2
4
4.4
3.6
3.6
4.4
3.6
3.6
4
3.8
3.8
4
4.4
3.6
3.6
4.2
4.8
