0
0.4
0
0.4
0
0
0.4
0.4
0
0
0.4
0
0.4
0
0
0
0
0.4
0.2
0.4
0.2
0.4
0.4
0.4
0
0
0.2
0.4
0
0
0
0
0.2
0.2
0.2
0.4
0
0
0
0.4
0.4
0
0.4
0
0
0
0.2
0
0.4
0.4
0.2
0
0
0
0.4
0
0.2
0
0
0
0
0.4
0.4
0.4
0.4
0.4
0
0.4
0
0.4
0.2
0.4
0.2
0
0
0.4
0.4
0
0.4
0
0
0.2
0
0.4
0
0.2
0.2
0.4
0.4
0.4
0.4
0
0.4
0
0
0
0.4
0.4
0
0
0.2
0.4
0
0.2
0.2
0.4
0.4
0
0
0.2
0.4
0
0.2
0.8
0.8
0.8
1.4
0.6
1
1.2
1.2
1
0.6
1.4
1
0.6
1.2
0.6
1
1.2
0.6
1.4
1.2
0.6
1.2
1.2
1
1.4
1.4
1
0.6
1.4
1.2
1.4
0.6
1.2
1
1.4
0.8
1.4
1.2
1.4
1.2
1
0.8
1.4
0.6
0.8
1.4
1
1
1
0.6
1.4
1.4
0.8
0.6
1.2
0.8
1.4
1.2
1.2
1
1.4
1.2
0.8
1.4
1.4
1.4
1
1
0.6
1.2
0.8
1.2
1
1.4
0.6
0.8
0.6
1.2
1
1.4
0.8
1.4
1.2
1.3
1.2
0.6
1
0.6
0.6
1.2
1.4
1.2
1
1.4
0.8
0.8
1.2
0.8
1.4
1.2
0.6
1
1
1.4
1
1.4
1.2
1.2
0.6
0.6
1.2
1
1
1.4
1
1.2
1.4
0.6
1
1.4
1
1.4
1.4
1.2
1
1.4
0.6
2.2
2.2
1.6
2.2
2
1.6
2.4
2
1.6
2.2
1.8
1.8
2.4
2.4
2.2
2.2
1.6
2.4
1.8
2.4
2.33333333333333
2.2
2
2.4
1.8
2.4
2
2.2
2.2
1.6
2.4
1.8
1.6
2.4
1.8
2.2
2.4
2
2.4
1.6
1.8
1.8
2.4
2
1.8
2.4
2.4
2
2
2
2.4
2.2
2.4
2.4
1.8
1.8
2.4
1.8
1.6
1.6
1.6
2
2.4
2
1.8
1.6
1.8
2.4
1.6
1.8
1.6
2.2
1.8
2.4
2.2
2.2
2.2
2
1.6
2.2
1.8
2.4
2
2.2
2.2
2.4
2.2
2
1.8
2
1.8
2
2
1.6
1.6
2
2.2
1.6
1.6
2.2
2.4
1.8
1.8
2
1.6
2
2.2
2.2
1.8
1.8
2.4
2.2
1.6
1.8
2.2
1.8
1.8
2.2
2.4
2.2
1.8
2.2
1.6
2.4
1.8
1.6
2.2
3
3.2
3
3.4
2.8
3.2
3
2.8
3
3.2
2.6
2.8
3.2
3.2
3.2
3.2
3
2.8
3
3
2.8
3
3
3.4
3
3
3.4
3
3
3.2
3.4
3.2
2.8
3
2.6
3.4
2.8
2.8
3.4
2.6
2.6
3
2.6
2.6
3
2.6
2.6
2.8
3.4
3
3.2
3.2
2.6
3.4
3.2
3.4
2.8
2.8
2.8
3.2
2.8
3.4
3
3
2.6
2.66666666666667
3.2
2.8
2.8
2.8
2.8
3.4
2.8
2.6
3
3
3
2.6
3.4
3.4
3.2
2.6
3.4
3.4
2.6
3.4
3
3.4
3.4
3
3
3.2
3.4
3
2.6
3
3.2
3.4
3
3
3.4
3.4
3.2
2.8
3.2
2.8
3.4
2.8
3.4
2.6
2.6
2.8
3
3
3.2
3.2
2.8
3.4
3
3.2
3.2
2.6
2.6
3.2
2.8
2.8
3.2
3
4.2
4
3.6
4.4
3.6
4.2
4.4
4
4.2
4.4
4
4.2
4
3.6
4
3.6
3.8
4.4
4
3.8
4.4
4.4
4.2
4.2
3.8
3.6
3.8
3.8
3.6
4.4
3.8
3.8
4.2
4
4.4
3.8
3.6
4.2
3.8
4.2
4
3.8
3.6
3.8
3.6
4.2
3.8
3.5
3.8
3.8
3.6
3.8
3.6
3.8
3.6
4.2
4
4.4
4.4
4
4.2
4.2
4.2
3.6
4.2
4.4
4.4
3.6
3.6
4
4
3.8
4.2
4.2
3.8
4.4
3.8
3.8
4.4
4.2
4.4
4.4
3.6
4.2
3.8
3.8
3.6
4
3.8
3.8
4.2
4.4
4.4
4
3.6
3.8
4.4
3.6
3.8
4
3.8
4.2
3.8
4.4
3.6
4
3.8
4.2
4.4
3.8
3.6
4
4
3.6
4.33333333333333
4.4
3.6
4
4
3.8
4
4
4.2
3.6
4.2
4.4
3.6
3.6
4.8
4.8
5
5
4.8
5
4.6
5
5
5
5
4.6
5
5
4.6
5
5
5
5
4.6
4.6
5
5
5
5
5
4.6
4.6
4.8
4.6
5
5
4.8
4.8
5
4.6
4.6
4.6
4.8
5
5
5
4.8
5
5
4.8
5
4.6
5
5
5
4.8
5
5
4.6
4.6
4.6
4.8
5
4.6
4.8
4.6
4.6
4.6
4.8
4.8
5
4.6
4.8
5
5
5
5
4.6
5
5
5
5
5
4.8
4.8
4.6
5
5
5
5
5
5
4.6
5
4.6
5
4.8
5
5
5
4.8
4.6
5
5
5
4.6
5
4.6
5
4.8
4.6
4.6
4.8
5
4.6
4.6
4.6
4.8
4.8
4.8
4.8
4.6
4.8
5
5
5
4.6
4.8
4.8
5
5
