0
0.2
0
0
0.2
0
0
0
0.2
0
0
0
0
0
0
0
0.2
0
0
0
0.4
0
0
0.0833333333333333
0.2
0
0
0
0
0
0.2
0
0
0
0
0.333333333333333
0
0
0
0
0.333333333333333
0
0
0
0
0
0
0
0
0.4
0.2
0
0
0
0
0.4
0.2
0
0
0.4
0
0
0
0
0
0
0
0
0
0
0
0
0
0
0
0
0.333333333333333
0
0
0
0.4
0
0.2
0
0.4
0
0
0
0
0
0
0
0
0
0.5
0.6
0.666666666666667
0.6
1.4
1.4
0.7
0.6
1.4
0.666666666666667
1.4
1
1
0.909090909090909
0.6
1.2
1.2
0.8
1.3
1.33333333333333
0.6
1.16666666666667
0.833333333333333
0.833333333333333
0.6
0.6
0.6
0.6
0.5
1.4
0.6
1.16666666666667
0.833333333333333
1.4
0.666666666666667
1
0.5
0.8
1.2
1.4
0.8
0.6
0.8
0.8
0.833333333333333
0.8
1.33333333333333
0.666666666666667
0.6
1.2
0.8
1.4
1
1.33333333333333
1
0.6
0.6
0.8
0.8
1.2
1.2
1.4
0.8
1.4
1.2
1
0.7
1.33333333333333
0.6
1.16666666666667
1
0.8
0.6
0.6
0.6
0.6
0.666666666666667
0.8
0.8
0.8
0.6
0.5
1.16666666666667
0.6
1
1.2
1
0.833333333333333
0.6
0.6
0.5
0.6
0.5
1.2
2.33333333333333
1.83333333333333
1.8
1.6
1.83333333333333
1.8
1.6
2.33333333333333
2
2.4
1.6
2.2
2
2.16666666666667
2
1.66666666666667
2.2
1.6
2.4
1.5
2.33333333333333
2.46666666666667
1.6
2.4
2
2.4
2.4
1.66666666666667
1.8
2.3
1.66666666666667
1.6
2
2.2
1.6
1.8
2.2
1.8
1.5
2
1.83333333333333
1.6
1.8
1.6
2
2.4
1.6
1.6
2
2.4
1.66666666666667
2.2
1.83333333333333
1.5
1.6
2
1.66666666666667
1.5
2.2
1.83333333333333
2.2
2.4
2
2
1.6
1.8
2.33333333333333
1.6
2.4
1.6
1.6
1.66666666666667
2.4
2.4
1.8
2
1.9
1.6
2
1.66666666666667
2.2
2.4
2.4
2.2
2.33333333333333
1.6
2.4
1.6
1.83333333333333
1.6
2.16666666666667
1.5
2
3.4
3.4
2.8
2.7
2.6
3.2
3.4
3.2
3.2
2.6
2.6
3
3.1
2.66666666666667
3
3
3.1
3
2.66666666666667
2.66666666666667
3.4
3
3
2.8
2.83333333333333
3
3.2
2.8
2.8
2.6
3
3.2
3.2
2.66666666666667
3.4
2.8
2.83333333333333
2.6
3.4
2.5
3
3.2
3.2
3.2
2.6
3.4
4.2
4
3.8
3.6
4
4
3.6
4.4
3.8
3.6
4.2
3.9
4
4.4
4.4
3.8
4.4
3.8
4
4
3.7
4
3.66666666666667
4.2
3.6
4
3.8
4.2
3.6
4.2
3.8
3.9
3.8
4.2
4.16666666666667
3.8
5
4.6
4.6
4.8
4.8
4.6
4.6
4.6
5
4.71428571428571
5
5
